# SEQUENCIA, LEVEL, CLASSE, TYPE, ITEM
# TYPE = -1 -> ENTREGA O ITEM INDEPENDENTE DA CLASSE
# TYPE = 0 -> ENTREGA O ITEM INDEPENDENTE DOS PONTOS
# TYPE = 1 -> TEM MAIS PONTOS EM STR
# TYPE = 2 -> TEM MAIS PONTOS EM INT
# TYPE = 3 -> TEM MAIS PONTOS EM DEX
# CLASSES: 0=TK, 1=FM, 2=BM, 3=HT

# SEQUENCIA, LEVEL, CLASSE, TYPE, ITEM

#ID LEVEL CLASSE TYPE ITEM
#TK DN SET MALHA
0   17    0       2   1147 43 3 
1   18    0       2   1159 43 3 
2   19    0       2   1111 43 3 
3   20    0       2   1135 43 3 
4   21    0       2   1123 43 3 

#TK MAG SET MALHA
5   17    0       4   1147 43 3 
6   18    0       4   1159 43 3 
7   19    0       4   1111 43 3 
8   20    0       4   1135 43 3 
9   21    0       4   1123 43 3 

#TK DN SET DOURADO
10  36    0       4   1186 43 3
11  37    0       4   1189 43 3
12  38    0       4   1177 43 3
13  39    0       4   1183 43 3
14  40    0       4   1180 43 3

#TK MAG SET DOURADO
15  36    0       2   1186 43 3 
16  37    0       2   1189 43 3 
17  38    0       2   1177 43 3 
18  39    0       2   1183 43 3 
19  40    0       2   1180 43 3 

#TK DN SET ANÃ
20  61    0       4   1201 43 3 
21  62    0       4   1204 43 3 
22  63    0       4   1192 43 3 
23  64    0       4   1198 43 3 
24  65    0       4   1195 43 3 

#TK MAG SET ANÃ
25  61    0       2   1201 43 3 
26  62    0       2   1204 43 3 
27  63    0       2   1192 43 3 
28  64    0       2   1198 43 3 
29  65    0       2   1195 43 3 




#GLOBAL PREMIO - CAVALO LEVE
30 149 0 4  2366 10 10 5 5 100 100

#GLOBAL PREMIO - CAVALO LEVE
30 149 1 4  2366 10 10 5 5 100 100

#GLOBAL PREMIO - CAVALO LEVE
30 149 2 4  2366 10 10 5 5 100 100

#GLOBAL PREMIO - CAVALO LEVE
30 149 3 4  2366 10 10 5 5 100 100


#TK DN SET EMBUTIDO
35  121    0       4   1216 43 3
36  122    0       4   1219 43 3
37  123    0       4   1207 43 3
38  124    0       4   1213 43 3
39  125    0       4   1210 43 3

#TK MAG SET EMBUTIDO
40  121    0       2   1216 43 3 
41  122    0       2   1219 43 3 
42  123    0       2   1207 43 3 
43  124    0       2   1213 43 3 
44  125    0       2   1210 43 3 

#ID LEVEL CLASSE TYPE ITEM
#FM DN SET SOMBRIO
48   13    1       4   1297 43 3 
49   14    1       4   1309 43 3 
50   15    1       4   1261 43 3 
51   16    1       4   1285 43 3 
52   17    1       4   1273 43 3 

#FM MAG SET SOMBRIO
53   13    1       4   1297 43 3 
54   14    1       4   1309 43 3 
55   15    1       4   1261 43 3 
56   16    1       4   1285 43 3 
57   17    1       4   1273 43 3 
#FM DN SET CONCHA
58  35    1       4   1321 43 3 
59  36    1       4   1324 43 3 
60  37    1       4   1312 43 3 
61  38    1       4   1318 43 3 
62  39    1       4   1315 43 3 

#FM MAG SET CONCHA
63  35    1       4   1321 43 3 
64  36    1       4   1324 43 3 
65  37    1       4   1312 43 3 
66  38    1       4   1318 43 3 
67  39    1       4   1315 43 3 

#FM DN SET CONJURADORA
68  52    1       4   1336 43 3
69  53    1       4   1339 43 3 
70  54    1       4   1327 43 3 
71  55    1       4   1333 43 3 
72  56    1       4   1330 43 3 

#FM MAG SET CONJURADORA
73  52    1       4   1336 43 3 
74  53    1       4   1339 43 3 
75  54    1       4   1327 43 3 
76  55    1       4   1333 43 3 
77  56    1       4   1330 43 3 

#FM DN SET MYTRIL
80  120    1       4   1351 43 3 
81  121    1       4   1354 43 3 
82  122    1       4   1342 43 3 
83  123    1       4   1348 43 3
84  124    1       4   1345 43 3 

#FM MAG SET MYTRIL
85  120    1       4   1351 43 3 
86  121    1       4   1354 43 3 
87  122    1       4   1342 43 3 
88  123    1       4   1348 43 3 
89  124    1       4   1345 43 3 

#ID LEVEL CLASSE TYPE ITEM
#BM DN SET AGUIA
92   16    2       4   1456 43 3 
93   17    2       4   1459 43 3 
94   18    2       4   1447 43 3 
95   19    2       4   1453 43 3 
96   20    2       4   1450 43 3 

#BM MAG SET AGUIA
97   16    2	    2   1456 43 3 
98   17    2        2   1459 43 3 
99   18    2        2   1447 43 3 
100   19    2       2   1453 43 3 
101   20    2       2   1450 43 3 

#BM DN SET OSSO
102  31    2       2   1471 43 3 
103  32    2       2   1474 43 3 
104  33    2       2   1462 43 3 
105  34    2       2   1468 43 3 
106  35    2       2   1465 43 3 

#BM MAG SET OSSO
107  31    2       4   1471 43 3
108  32    2       4   1474 43 3
109  33    2       4   1462 43 3
110  34    2       4   1468 43 3
111  35    2       4   1465 43 3 

#BM DN SET AEON
112  55    2       2   1486 43 3 
113  56    2       2   1489 43 3 
114  57    2       2   1477 43 3 
115  58    2       2   1483 43 3 
116  59    2       2   1480 43 3 

#BM MAG SET AEON
117  55    2       4   1486 43 3 
118  56    2       4   1489 43 3 
119  57    2       4   1477 43 3 
120  58    2       4   1483 43 3 
121  59    2       4   1480 43 3 

#BM DN SET ELEMENTAL
124  121    2       4   1501 43 3 
125  122    2       4   1504 43 3 
126  123    2       4   1492 43 3 
127  124    2       4   1498 43 3 
128  125    2       4   1495 43 3 

#BM MAG SET ELEMENTAL
129  121    2       2   1501 43 3
130  122    2       2   1504 43 3 
131  123    2       2   1492 43 3 
132  124    2       2   1498 43 3 
133  125    2       2   1495 43 3 

#ID LEVEL CLASSE TYPE ITEM
#HT DN SET METAL
136   14    3       4   1606 43 3 
137   15    3       4   1609 43 3 
138   16    3       4   1597 43 3 
139   17    3       4   1603 43 3 
140   18    3       4   1600 43 3 

#HT DN SET COMBATE
141  34    3        4   1621 43 3
142  35    3        4   1624 43 3
143  36    3        4   1612 43 3
144  37    3        4   1618 43 3
145  38    3        4   1615 43 3

#HT DN SET NATUREZA
146  67    3       4   1636 43 3 
147  68    3       4   1639 43 3 
148  69    3       4   1627 43 3 
149  70    3       4   1633 43 3 
150  71    3       4   1630 43 3 

#HT DN SET TEIA
151  121    3       4   1651 43 3 
152  122    3       4   1654 43 3 
153  123    3       4   1642 43 3 
154  124    3       4   1648 43 3
155  125    3       4   1645 43 3 

#ARMA TK DANO NO LEVEL 155
156  144    0       4   809 43 5 2 36
157  144    0       1   854 43 5 60 16
158  256    0       4   3566 43 5 60 16
159  256    0       1   3551 43 5 2 36

#ARMA HT DANO NO LEVEL 255
160  144    3       4   2122 43 5 2 36
161  256    3       4   3556 43 5 2 36

#ARMA BM DANO NO LEVEL 255
162  144    2       4   809 43 5 2 36
163  144    2       1   854 43 5 60 16
164  256    2       1   3551 43 5 2 36
165  256    2       4   3566 43 5 60 16

#ARMA FM MAG NO LEVEL 25
5
166  144    1       4   2122 43 5 2 36
167  144    1       1   2127 43 5 60 16
168  256    1	    1   3582 43 5 60 16
169  256    1       4   3556 43 5 2 36